-----------------------------------------------------------------------------------------------------------
GPR:
Register R 0: 0
Register R 1: 0
Register R 2: 0
Register R 3: 0
Register R 4: 0
Register R 5: 0
Register R 6: 0
Register R 7: 0
Register R 8: 0
Register R 9: 0
Register R 10: 0
Register R 11: 0
Register R 12: 0
Register R 13: 0
Register R 14: 0
Register R 15: 0
SPR:

Zero Register [0]: 0
Code Base [1]: 0
Code Limit [2]: 67
Code Counter [3]: 0
Data Base [4]: 68
Data Limit [5]: 97
Data Counter [6]: 0
Stack Base [7]: 98
Stack Counter [8]: 98
Stack Limit [9]: 147
Program Counter [10]: 68
Instruction Register [11]: 243

Flag registers: 
0, 0, 0, 0, 0, 0, 0, 0, 

Page No: 0 at frame 64:    59, 0, 0, 67, 81, 1, 0, 0, 81, 2, 0, 2, 81, 3, 0, 4, 81, 4, 0, 6, 81, 5, 0, 8, 81, 6, 0, 10, 81, 7, 0, 12, 81, 8, 0, 14, 81, 9, 0, 16, 81, 10, 0, 18, 81, 11, 0, 20, 81, 12, 0, 22, 81, 13, 0, 24, 81, 14, 0, 26, 81, 15, 0, 28, 18, 1, 15, -13, 49, 0, 50, 0, 51, 0, 52, 0, 53, 0, 54, 0, 55, 0, 56, 0, 57, 0, 58, 0, 59, 0, 60, 0, 61, 0, 62, 2, 0, 68, 0, 0, 0, 0, 0, 0, 0, 0, 0, 0, 0, 0, 0, 0, 0, 0, 0, 0, 0, 0, 0, 0, 0, 0, 0, 0, 0, 0, 0, 0, 

Page No: 1 at frame 55:    0, 0, 0, 0, 0, 0, 0, 0, 0, 0, 0, 0, 0, 0, 0, 0, 0, 0, 0, 0, 0, 0, 0, 0, 0, 0, 0, 0, 0, 0, 0, 0, 0, 0, 0, 0, 0, 0, 0, 0, 0, 0, 0, 0, 0, 0, 0, 0, 0, 0, 0, 0, 0, 0, 0, 0, 0, 0, 0, 0, 0, 0, 0, 0, 0, 0, 0, 0, 0, 0, 0, 0, 0, 0, 0, 0, 0, 0, 0, 0, 0, 0, 0, 0, 0, 0, 0, 0, 0, 0, 0, 0, 0, 0, 0, 0, 0, 0, 0, 0, 0, 0, 0, 0, 0, 0, 0, 0, 0, 0, 0, 0, 0, 0, 0, 0, 0, 0, 0, 0, 0, 0, 0, 0, 0, 0, 0, 0, 



-----------------------------------------------------------------------------------------------------------
GPR:
Register R 0: 0
Register R 1: 0
Register R 2: 0
Register R 3: 0
Register R 4: 0
Register R 5: 0
Register R 6: 0
Register R 7: 0
Register R 8: 0
Register R 9: 0
Register R 10: 0
Register R 11: 0
Register R 12: 0
Register R 13: 0
Register R 14: 0
Register R 15: 0
SPR:

Zero Register [0]: 0
Code Base [1]: 0
Code Limit [2]: 67
Code Counter [3]: 0
Data Base [4]: 68
Data Limit [5]: 97
Data Counter [6]: 0
Stack Base [7]: 98
Stack Counter [8]: 98
Stack Limit [9]: 147
Program Counter [10]: 68
Instruction Register [11]: 243

Flag registers: 
0, 0, 0, 0, 0, 0, 0, 0, 

Page No: 0 at frame 110:    59, 0, 0, 67, 81, 1, 0, 0, 81, 2, 0, 2, 81, 3, 0, 4, 81, 4, 0, 6, 81, 5, 0, 8, 81, 6, 0, 10, 81, 7, 0, 12, 81, 8, 0, 14, 81, 9, 0, 16, 81, 10, 0, 18, 81, 11, 0, 20, 81, 12, 0, 22, 81, 13, 0, 24, 81, 14, 0, 26, 81, 15, 0, 28, 18, 1, 15, -13, 49, 0, 50, 0, 51, 0, 52, 0, 53, 0, 54, 0, 55, 0, 56, 0, 57, 0, 58, 0, 59, 0, 60, 0, 61, 0, 62, 2, 0, 68, 0, 0, 0, 0, 0, 0, 0, 0, 0, 0, 0, 0, 0, 0, 0, 0, 0, 0, 0, 0, 0, 0, 0, 0, 0, 0, 0, 0, 0, 0, 

Page No: 1 at frame 354:    0, 0, 0, 0, 0, 0, 0, 0, 0, 0, 0, 0, 0, 0, 0, 0, 0, 0, 0, 0, 0, 0, 0, 0, 0, 0, 0, 0, 0, 0, 0, 0, 0, 0, 0, 0, 0, 0, 0, 0, 0, 0, 0, 0, 0, 0, 0, 0, 0, 0, 0, 0, 0, 0, 0, 0, 0, 0, 0, 0, 0, 0, 0, 0, 0, 0, 0, 0, 0, 0, 0, 0, 0, 0, 0, 0, 0, 0, 0, 0, 0, 0, 0, 0, 0, 0, 0, 0, 0, 0, 0, 0, 0, 0, 0, 0, 0, 0, 0, 0, 0, 0, 0, 0, 0, 0, 0, 0, 0, 0, 0, 0, 0, 0, 0, 0, 0, 0, 0, 0, 0, 0, 0, 0, 0, 0, 0, 0, 



-----------------------------------------------------------------------------------------------------------
GPR:
Register R 0: 0
Register R 1: 0
Register R 2: 0
Register R 3: 0
Register R 4: 0
Register R 5: 0
Register R 6: 0
Register R 7: 0
Register R 8: 0
Register R 9: 0
Register R 10: 0
Register R 11: 0
Register R 12: 0
Register R 13: 0
Register R 14: 0
Register R 15: 0
SPR:

Zero Register [0]: 0
Code Base [1]: 0
Code Limit [2]: 67
Code Counter [3]: 0
Data Base [4]: 68
Data Limit [5]: 97
Data Counter [6]: 0
Stack Base [7]: 98
Stack Counter [8]: 98
Stack Limit [9]: 147
Program Counter [10]: 68
Instruction Register [11]: 243

Flag registers: 
0, 0, 0, 0, 0, 0, 0, 0, 

Page No: 0 at frame 148:    59, 0, 0, 67, 81, 1, 0, 0, 81, 2, 0, 2, 81, 3, 0, 4, 81, 4, 0, 6, 81, 5, 0, 8, 81, 6, 0, 10, 81, 7, 0, 12, 81, 8, 0, 14, 81, 9, 0, 16, 81, 10, 0, 18, 81, 11, 0, 20, 81, 12, 0, 22, 81, 13, 0, 24, 81, 14, 0, 26, 81, 15, 0, 28, 18, 1, 15, -13, 49, 0, 50, 0, 51, 0, 52, 0, 53, 0, 54, 0, 55, 0, 56, 0, 57, 0, 58, 0, 59, 0, 60, 0, 61, 0, 62, 2, 0, 68, 0, 0, 0, 0, 0, 0, 0, 0, 0, 0, 0, 0, 0, 0, 0, 0, 0, 0, 0, 0, 0, 0, 0, 0, 0, 0, 0, 0, 0, 0, 

Page No: 1 at frame 265:    0, 0, 0, 0, 0, 0, 0, 0, 0, 0, 0, 0, 0, 0, 0, 0, 0, 0, 0, 0, 0, 0, 0, 0, 0, 0, 0, 0, 0, 0, 0, 0, 0, 0, 0, 0, 0, 0, 0, 0, 0, 0, 0, 0, 0, 0, 0, 0, 0, 0, 0, 0, 0, 0, 0, 0, 0, 0, 0, 0, 0, 0, 0, 0, 0, 0, 0, 0, 0, 0, 0, 0, 0, 0, 0, 0, 0, 0, 0, 0, 0, 0, 0, 0, 0, 0, 0, 0, 0, 0, 0, 0, 0, 0, 0, 0, 0, 0, 0, 0, 0, 0, 0, 0, 0, 0, 0, 0, 0, 0, 0, 0, 0, 0, 0, 0, 0, 0, 0, 0, 0, 0, 0, 0, 0, 0, 0, 0, 



